0
0
1.67799E-11
1.19731E-08
8.1202E-07
1.56868E-05
0.000140427
0.000753694
0.002823795
0.008135826
0.019236769
0.039064206
0.070407144
0.115406759
0.17524375
0.250055343
0.339043337
0.440697655
0.553059893
0.673971014
0.801271595
0.932943538
1.067195818
1.202504123
1.337616575
1.471537278
1.603497323
1.732920526
1.859388768
1.982609917
2.102389856
2.218609168
2.331204366
2.440153228
2.545463615
2.647165142
2.745303104
2.839934082
2.931122844
3.018940151
3.103461214
3.184764588
3.262931373
3.338044593
3.410188714
3.479449234
3.545912313
3.609664456
3.670792195
3.729381813
3.785519077
3.839288985
3.890775539
3.940061548
3.987228434
4.032356072
4.07552265
4.116804555
4.156276263
4.194010271
4.230077036
4.26454491
4.297480147
4.328946846
4.359006983
4.38772039
4.41514479
4.441335806
4.466346995
4.490229897
4.51303406
4.534807082
4.555594675
4.575440707
4.594387247
4.61247463
4.6297415
4.646224877
4.661960199
4.676981381
4.691320882
4.705009739
4.718077625
4.730552908
4.7424627
4.753832899
4.764688242
4.775052366
4.784947819
4.794396146
4.803417902
4.8120327
4.820259259
4.828115449
4.83561831
4.842784088
4.849628282
4.856165695
4.862410416
4.86837589
4.874074943
4.879519797
4.884722109
4.889692991
4.894443038
4.898982347
4.903320558
4.907466842
4.911429955
4.915218239
4.918839649
4.922301767
4.925611822
4.928776711
4.931803
4.934696959
4.937464559
4.940111498
4.942643208
4.945064864
4.947381416
4.949597568
4.951717812
4.953746436
4.955687526
4.957544982
4.95932252
4.961023692
4.962651885
4.964210326
4.965702099
4.967130145
4.96849727
4.969806155
4.971059354
4.972259312
4.973408359
4.974508716
4.975562513
4.976571774
4.977538437
4.978464352
4.979351284
4.980200923
4.981014879
4.981794693
4.982541832
4.98325771
4.983943664
4.984600979
4.985230881
4.985834545
4.986413086
4.98696758
4.98749905
4.988008475
4.988496792
4.988964895
4.98941364
4.989843847
4.990256296
4.99065174
4.991030894
4.991394443
4.991743042
4.992077318
4.992397875
4.992705284
4.993000096
4.993282837
4.99355401
4.993814098
4.994063563
4.994302845
4.994532368
4.994752537
4.994963739
4.995166346
4.995360713
4.995547181
4.995726076
4.99589771
4.996062382
4.99622038
4.996371976
4.996517436
4.996657009
4.996790939
4.996919455
4.997042781
4.997161127
4.997274699
4.99738369
4.997488288
4.997588672
4.997685014
4.997777478
4.997866223
4.997951399
4.998033151
4.998111619
4.998186936
4.998259229
4.998328622
4.998395232
4.998459171
4.998520547
4.998579465
4.998636023
4.998690317
4.998742438
4.998792474
4.99884051
4.998886624
4.998930896
4.998973399
4.999014204
4.99905338
4.999090992
4.999127104
4.999161774
4.999195062
4.999227023
4.999257709
4.999287173
4.999315463
4.999342626
4.999368708
4.99939375
4.999417799
4.999440887
4.999463057
4.999484346
4.999504788
4.999524417
4.999543266
4.999561365
4.999578745
4.999595435
4.999611461
4.999626852
4.999641631
4.999655822
4.999669451
4.999682539
4.999695107
4.999707177
4.999718768
4.999729899
4.999740589
4.999750854
