0
0.0600000000000000
0.120000000000000
0.180000000000000
0.240000000000000
0.300000000000000
0.360000000000000
0.420000000000000
0.480000000000000
0.540000000000000
0.600000000000000
0.660000000000000
0.720000000000000
0.780000000000000
0.840000000000000
0.900000000000000
0.960000000000000
1.02000000000000
1.08000000000000
1.14000000000000
1.20000000000000
1.26000000000000
1.32000000000000
1.38000000000000
1.44000000000000
1.50000000000000
1.56000000000000
1.62000000000000
1.68000000000000
1.74000000000000
1.80000000000000
1.86000000000000
1.92000000000000
1.98000000000000
2.04000000000000
2.10000000000000
2.16000000000000
2.22000000000000
2.28000000000000
2.34000000000000
2.40000000000000
2.46000000000000
2.52000000000000
2.58000000000000
2.64000000000000
2.70000000000000
2.76000000000000
2.82000000000000
2.88000000000000
2.94000000000000
3
3.06000000000000
3.12000000000000
3.18000000000000
3.24000000000000
3.30000000000000
3.36000000000000
3.42000000000000
3.48000000000000
3.54000000000000
3.60000000000000
3.66000000000000
3.72000000000000
3.78000000000000
3.84000000000000
3.90000000000000
3.96000000000000
4.02000000000000
4.08000000000000
4.14000000000000
4.20000000000000
4.26000000000000
4.32000000000000
4.38000000000000
4.44000000000000
4.50000000000000
4.56000000000000
4.62000000000000
4.68000000000000
4.74000000000000
4.80000000000000
4.86000000000000
4.92000000000000
4.98000000000000
5.04000000000000
5.10000000000000
5.16000000000000
5.22000000000000
5.28000000000000
5.34000000000000
5.40000000000000
5.46000000000000
5.52000000000000
5.58000000000000
5.64000000000000
5.70000000000000
5.76000000000000
5.82000000000000
5.88000000000000
5.94000000000000
6
6.06000000000000
6.12000000000000
6.18000000000000
6.24000000000000
6.30000000000000
6.36000000000000
6.42000000000000
6.48000000000000
6.54000000000000
6.60000000000000
6.66000000000000
6.72000000000000
6.78000000000000
6.84000000000000
6.90000000000000
6.96000000000000
7.02000000000000
7.08000000000000
7.14000000000000
7.20000000000000
7.26000000000000
7.32000000000000
7.38000000000000
7.44000000000000
7.50000000000000
7.56000000000000
7.62000000000000
7.68000000000000
7.74000000000000
7.80000000000000
7.86000000000000
7.92000000000000
7.98000000000000
8.04000000000000
8.10000000000000
8.16000000000000
8.22000000000000
8.28000000000000
8.34000000000000
8.40000000000000
8.46000000000000
8.52000000000000
8.58000000000000
8.64000000000000
8.70000000000000
8.76000000000000
8.82000000000000
8.88000000000000
8.94000000000000
9
9.06000000000000
9.12000000000000
9.18000000000000
9.24000000000000
9.30000000000000
9.36000000000000
9.42000000000000
9.48000000000000
9.54000000000000
9.60000000000000
9.66000000000000
9.72000000000000
9.78000000000000
9.84000000000000
9.90000000000000
9.96000000000000
10.0200000000000
10.0800000000000
10.1400000000000
10.2000000000000
10.2600000000000
10.3200000000000
10.3800000000000
10.4400000000000
10.5000000000000
10.5600000000000
10.6200000000000
10.6800000000000
10.7400000000000
10.8000000000000
10.8600000000000
10.9200000000000
10.9800000000000
11.0400000000000
11.1000000000000
11.1600000000000
11.2200000000000
11.2800000000000
11.3400000000000
11.4000000000000
11.4600000000000
11.5200000000000
11.5800000000000
11.6400000000000
11.7000000000000
11.7600000000000
11.8200000000000
11.8800000000000
11.9400000000000
12
12.0600000000000
12.1200000000000
12.1800000000000
12.2400000000000
12.3000000000000
12.3600000000000
12.4200000000000
12.4800000000000
12.5400000000000
12.6000000000000
12.6600000000000
12.7200000000000
12.7800000000000
12.8400000000000
12.9000000000000
12.9600000000000
13.0200000000000
13.0800000000000
13.1400000000000
13.2000000000000
13.2600000000000
13.3200000000000
13.3800000000000
13.4400000000000
13.5000000000000
13.5600000000000
13.6200000000000
13.6800000000000
13.7400000000000
13.8000000000000
13.8600000000000
13.9200000000000
13.9800000000000
14.0400000000000
14.1000000000000
14.1600000000000
14.2200000000000
14.2800000000000
14.3400000000000
14.4000000000000
14.4600000000000
14.5200000000000
14.5800000000000
14.6400000000000
14.7000000000000
14.7600000000000
14.8200000000000
14.8800000000000
14.9400000000000
15