0.0000          1.5694E-32
0.60000         -1.1575E-32
1.2000          4.2385E-25
1.8000          6.6209E-19
2.4000          2.4529E-15
3.0000          1.1506E-12
3.6000          4.1312E-9
4.2000          7.9746E-6
4.8000          2.9024E-4
5.4000          6.7349E-4
6.0000          0.026902
6.6000          0.37592
7.2000          0.49739
7.8000          1.5471
8.4000          3.8932
9.0000          4.6160
9.6000          4.7904
10.200          4.7905
10.800          4.7818
11.400          4.8421
12.000          4.8923
12.600          4.9234
13.200          4.9395
13.800          4.9443
14.400          4.9453
15.000          4.9498
15.600          4.9556
16.200          4.9602
16.800          4.9649
17.400          4.9761
18.000          5.0019
18.600          5.0454
19.200          5.0935
19.800          5.1083
20.400          5.0573
21.000          4.9617
21.600          4.8691
22.200          4.7997
22.800          4.7479
23.400          4.7102
24.000          4.6847
24.600          4.6678
25.200          4.6564
25.800          4.6494
26.400          4.6460
27.000          4.6450
27.600          4.6450
28.200          4.6457
28.800          4.6470
29.400          4.6488
30.000          4.6513
30.600          4.6545
31.200          4.6583
31.800          4.6623
32.400          4.6661
33.000          4.6699
33.600          4.6738
34.200          4.6779
34.800          4.6820
35.400          4.6858
36.000          4.6894
36.600          4.6933
37.200          4.6977
37.800          4.7023
38.400          4.7069
39.000          4.7115
39.600          4.7163
40.200          4.7214
40.800          4.7267
41.400          4.7321
42.000          4.7377
42.600          4.7433
43.200          4.7490
43.800          4.7547
44.400          4.7604
45.000          4.7662
45.600          4.7720
46.200          4.7778
46.800          4.7835
47.400          4.7892
48.000          4.7948
48.600          4.8004
49.200          4.8059
49.800          4.8114
50.400          4.8167
51.000          4.8220
51.600          4.8271
52.200          4.8321
52.800          4.8370
53.400          4.8418
54.000          4.8464
54.600          4.8510
55.200          4.8554
55.800          4.8597
56.400          4.8639
57.000          4.8680
57.600          4.8719
58.200          4.8757
58.800          4.8794
59.400          4.8830
60.000          4.8865
60.600          4.8899
61.200          4.8931
61.800          4.8963
62.400          4.8993
63.000          4.9022
63.600          4.9051
64.200          4.9077
64.800          4.9103
65.400          4.9129
66.000          4.9154
66.600          4.9177
67.200          4.9200
67.800          4.9222
68.400          4.9242
69.000          4.9262
69.600          4.9281
70.200          4.9300
70.800          4.9318
71.400          4.9336
72.000          4.9352
72.600          4.9368
73.200          4.9383
73.800          4.9398
74.400          4.9412
75.000          4.9426
75.600          4.9439
76.200          4.9452
76.800          4.9464
77.400          4.9475
78.000          4.9486
78.600          4.9497
79.200          4.9507
79.800          4.9518
80.400          4.9528
81.000          4.9538
81.600          4.9548
82.200          4.9557
82.800          4.9566
83.400          4.9575
84.000          4.9583
84.600          4.9592
85.200          4.9599
85.800          4.9607
86.400          4.9614
87.000          4.9621
87.600          4.9627
88.200          4.9634
88.800          4.9640
89.400          4.9647
90.000          4.9653
90.600          4.9659
91.200          4.9665
91.800          4.9671
92.400          4.9676
93.000          4.9682
93.600          4.9687
94.200          4.9692
94.800          4.9696
95.400          4.9701
96.000          4.9705
96.600          4.9709
97.200          4.9713
97.800          4.9717
98.400          4.9721
99.000          4.9725
99.600          4.9729
100.20          4.9733
100.80          4.9737
101.40          4.9741
102.00          4.9744
102.60          4.9748
103.20          4.9751
103.80          4.9755
104.40          4.9758
105.00          4.9761
105.60          4.9764
106.20          4.9767
106.80          4.9769
107.40          4.9772
108.00          4.9775
108.60          4.9778
109.20          4.9781
109.80          4.9784
110.40          4.9787
111.00          4.9789
111.60          4.9792
112.20          4.9795
112.80          4.9797
113.40          4.9800
114.00          4.9802
114.60          4.9804
115.20          4.9807
115.80          4.9809
116.40          4.9811
117.00          4.9813
117.60          4.9815
118.20          4.9818
118.80          4.9820
119.40          4.9822
120.00          4.9824
120.60          4.9826
121.20          4.9828
121.80          4.9830
122.40          4.9832
123.00          4.9833
123.60          4.9835
124.20          4.9837
124.80          4.9839
125.40          4.9841
126.00          4.9843
126.60          4.9844
127.20          4.9846
127.80          4.9848
128.40          4.9849
129.00          4.9851
129.60          4.9852
130.20          4.9854
130.80          4.9855
131.40          4.9857
132.00          4.9858
132.60          4.9860
133.20          4.9861
133.80          4.9862
134.40          4.9864
135.00          4.9865
135.60          4.9867
136.20          4.9868
136.80          4.9869
137.40          4.9870
138.00          4.9872
138.60          4.9873
139.20          4.9874
139.80          4.9875
140.40          4.9876
141.00          4.9878
141.60          4.9879
142.20          4.9880
142.80          4.9881
143.40          4.9882
144.00          4.9883
144.60          4.9884
145.20          4.9885
145.80          4.9886
146.40          4.9887
147.00          4.9888
147.60          4.9889
148.20          4.9890
148.80          4.9891
149.40          4.9892
150.00          4.9893
150.60          4.9894
151.20          4.9895
151.80          4.9896
152.40          4.9897
153.00          4.9897
153.60          4.9898
154.20          4.9899
154.80          4.9900
155.40          4.9901
156.00          4.9901
156.60          4.9902
157.20          4.9903
157.80          4.9904
158.40          4.9905
159.00          4.9905
159.60          4.9906
160.20          4.9907
160.80          4.9907
161.40          4.9908
162.00          4.9909
162.60          4.9910
163.20          4.9910
163.80          4.9911
164.40          4.9912
165.00          4.9912
165.60          4.9913
166.20          4.9913
166.80          4.9914
167.40          4.9915
168.00          4.9915
168.60          4.9916
169.20          4.9916
169.80          4.9917
170.40          4.9917
171.00          4.9918
171.60          4.9918
172.20          4.9919
172.80          4.9919
173.40          4.9920
174.00          4.9920
174.60          4.9921
175.20          4.9921
175.80          4.9922
176.40          4.9922
177.00          4.9923
177.60          4.9923
178.20          4.9924
178.80          4.9924
179.40          4.9924
180.00          4.9925
180.60          4.9925
181.20          4.9926
181.80          4.9926
182.40          4.9927
183.00          4.9927
183.60          4.9927
184.20          4.9928
184.80          4.9928
185.40          4.9928
186.00          4.9929
186.60          4.9929
187.20          4.9930
187.80          4.9930
188.40          4.9930
189.00          4.9931
189.60          4.9931
190.20          4.9931
190.80          4.9932
191.40          4.9932
192.00          4.9932
192.60          4.9933
193.20          4.9933
193.80          4.9933
194.40          4.9933
195.00          4.9934
195.60          4.9934
196.20          4.9934
196.80          4.9935
197.40          4.9935
198.00          4.9935
198.60          4.9936
199.20          4.9936
199.80          4.9936
200.40          4.9936
201.00          4.9937
201.60          4.9937
202.20          4.9937
202.80          4.9938
203.40          4.9938
204.00          4.9938
204.60          4.9938
205.20          4.9939
205.80          4.9939
206.40          4.9939
207.00          4.9939
207.60          4.9940
208.20          4.9940
208.80          4.9940
209.40          4.9940
210.00          4.9941
210.60          4.9941
211.20          4.9941
211.80          4.9941
212.40          4.9941
213.00          4.9942
213.60          4.9942
214.20          4.9942
214.80          4.9942
215.40          4.9943
216.00          4.9943
216.60          4.9943
217.20          4.9943
217.80          4.9943
218.40          4.9944
219.00          4.9944
219.60          4.9944
220.20          4.9944
220.80          4.9944
221.40          4.9945
222.00          4.9945
222.60          4.9945
223.20          4.9945
223.80          4.9945
224.40          4.9946
225.00          4.9946
225.60          4.9946
226.20          4.9946
226.80          4.9946
227.40          4.9946
228.00          4.9946
228.60          4.9947
229.20          4.9947
229.80          4.9947
230.40          4.9947
231.00          4.9947
231.60          4.9947
232.20          4.9947
232.80          4.9948
233.40          4.9948
234.00          4.9948
234.60          4.9948
235.20          4.9948
235.80          4.9948
236.40          4.9948
237.00          4.9948
237.60          4.9948
238.20          4.9949
238.80          4.9949
239.40          4.9949
240.00          4.9949
240.60          4.9949
241.20          4.9949
241.80          4.9949
242.40          4.9949
243.00          4.9950
243.60          4.9950
244.20          4.9950
244.80          4.9950
245.40          4.9950
246.00          4.9950
246.60          4.9950
247.20          4.9950
247.80          4.9950
248.40          4.9951
249.00          4.9951
249.60          4.9951
250.20          4.9951
250.80          4.9951
251.40          4.9951
252.00          4.9951
252.60          4.9951
253.20          4.9951
253.80          4.9951
254.40          4.9952
255.00          4.9952
255.60          4.9952
256.20          4.9952
256.80          4.9952
257.40          4.9952
258.00          4.9952
258.60          4.9952
259.20          4.9952
259.80          4.9952
260.40          4.9952
261.00          4.9953
261.60          4.9953
262.20          4.9953
262.80          4.9953
263.40          4.9953
264.00          4.9953
264.60          4.9953
265.20          4.9953
265.80          4.9953
266.40          4.9953
267.00          4.9953
267.60          4.9953
268.20          4.9953
268.80          4.9954
269.40          4.9954
270.00          4.9954
270.60          4.9954
271.20          4.9954
271.80          4.9954
272.40          4.9954
273.00          4.9954
273.60          4.9954
274.20          4.9954
274.80          4.9954
275.40          4.9955
276.00          4.9955
276.60          4.9955
277.20          4.9955
277.80          4.9955
278.40          4.9955
279.00          4.9955
279.60          4.9955
280.20          4.9955
280.80          4.9955
281.40          4.9955
282.00          4.9955
282.60          4.9955
283.20          4.9956
283.80          4.9956
284.40          4.9956
285.00          4.9956
285.60          4.9956
286.20          4.9956
286.80          4.9956
287.40          4.9956
288.00          4.9956
288.60          4.9956
289.20          4.9956
289.80          4.9956
290.40          4.9957
291.00          4.9957
291.60          4.9957
292.20          4.9957
292.80          4.9957
293.40          4.9957
294.00          4.9957
294.60          4.9957
295.20          4.9957
295.80          4.9957
296.40          4.9957
297.00          4.9957
297.60          4.9957
298.20          4.9957
298.80          4.9958
299.40          4.9958
300.00          4.9958
